positive/1626242857.5840964.jpg 10 731 171 79 95 948 168 74 77 1052 122 76 86 1141 122 82 82 1046 280 75 80 1013 236 68 80 940 228 66 77 972 372 107 86 656 283 94 88 774 261 93 134
positive/1626242858.8186977.jpg 7 1008 375 76 85 1126 148 63 90 931 164 89 85 1010 176 69 75 1048 284 67 74 581 287 96 100 767 259 102 108
positive/1626242859.5839715.jpg 9 1004 377 76 92 1046 279 69 97 1127 139 72 84 1006 177 76 78 941 165 77 81 781 259 89 105 632 324 238 40 638 326 71 79 679 275 74 82
positive/1626242865.1700962.jpg 10 602 410 89 83 415 343 144 123 742 269 71 78 832 118 98 99 629 216 82 83 652 148 80 75 318 359 80 80 219 355 97 78 275 425 63 80 718 220 68 72
positive/1626242866.4365027.jpg 11 645 217 65 76 446 336 125 117 583 407 104 91 450 228 80 90 518 239 80 77 833 128 85 87 654 155 78 67 718 220 64 70 745 263 72 72 722 177 72 79 276 431 75 75
positive/1626242870.1536808.jpg 9 608 548 85 92 612 439 65 86 1066 467 78 82 1215 347 66 73 1171 309 64 86 1124 263 77 83 1047 257 75 97 973 262 76 84 1048 211 80 72
positive/1626242870.8179886.jpg 11 749 603 99 77 730 486 90 92 785 460 83 84 1187 509 102 87 1246 419 68 70 1114 306 68 82 1188 294 64 73 1121 243 74 76 1195 319 34 23 1229 342 64 57 1238 392 52 49
positive/1626242871.7549272.jpg 9 845 617 93 84 901 483 68 77 1239 530 83 92 1303 460 70 83 1247 412 68 87 1236 366 65 71 1155 357 74 81 1175 307 69 75 1249 315 68 72
positive/1626242878.653277.jpg 5 891 391 71 81 871 337 71 74 834 293 69 71 580 449 84 94 459 541 79 88
positive/1626242880.935594.jpg 5 808 458 75 87 870 331 67 89 838 285 74 74 580 483 73 69 444 531 77 63
positive/1626242882.3545911.jpg 5 798 457 84 96 875 331 66 85 837 285 74 74 598 494 77 69 455 544 76 56
positive/1626242884.9535985.jpg 3 812 467 67 107 866 338 76 78 836 287 73 68
positive/1626242897.0739164.jpg 11 638 479 75 82 892 416 68 89 1163 461 73 75 1048 348 63 76 1102 205 72 91 1182 222 57 73 1195 295 44 10 1195 305 62 76 1296 314 63 70 1340 363 63 77 1301 434 71 81
positive/1626242897.804059.jpg 11 852 457 71 90 928 490 66 86 1167 462 61 86 1219 511 61 86 1305 456 73 84 1191 385 68 80 1042 349 66 80 1025 296 79 70 1111 298 59 78 1146 347 58 76 1227 348 63 73
positive/1626242898.5209966.jpg 9 846 488 78 92 931 494 63 88 1216 510 68 85 1280 492 87 76 1270 367 100 88 1155 465 82 76 1190 386 75 78 1134 345 71 82 1038 350 69 94
positive/1626242899.8507102.jpg 10 855 500 74 74 923 492 86 99 1160 462 73 78 1203 510 88 85 1303 549 90 80 1294 490 82 75 1189 382 72 86 1039 351 65 84 1090 322 65 78 1141 343 65 100
positive/1626242900.63688.jpg 11 809 488 81 86 916 484 80 99 1279 549 112 92 1284 484 92 83 1215 516 76 75 1148 463 93 85 1190 387 76 87 1130 345 81 83 1031 346 73 88 1082 319 67 85 993 299 90 82
positive/1626242906.940317.jpg 0
positive/1626242913.7230382.jpg 0
positive/1626242933.7265193.jpg 4 676 455 146 114 819 425 76 91 852 371 76 81 770 344 92 92
positive/1626242934.777055.jpg 4 776 334 86 91 861 373 83 88 821 422 82 82 658 455 146 110
positive/1626243092.0128527.jpg 3 937 151 104 106 1077 70 95 98 1189 0 77 94
positive/1626243092.5311182.jpg 3 884 210 106 110 1016 116 90 95 1109 35 96 95
positive/1626243093.231463.jpg 3 912 176 86 98 1021 97 92 112 1116 28 105 112
positive/1626243093.9313946.jpg 4 843 238 86 83 960 179 87 100 1031 87 96 114 1127 39 81 84
positive/1626243094.6014907.jpg 5 850 234 69 89 910 250 67 81 913 149 112 106 1037 103 79 80 1136 1 76 72
positive/1626243095.3305387.jpg 5 853 237 73 88 906 159 111 111 1040 113 74 90 1033 43 79 70 1174 6 67 75
positive/1626243096.1151795.jpg 4 999 201 73 84 1088 57 80 92 944 110 78 76 850 232 77 91
positive/1626243098.8307955.jpg 6 593 411 76 77 582 274 74 90 615 189 71 86 686 188 64 81 746 232 68 89 658 269 100 105
positive/1626243099.3505673.jpg 7 586 408 79 82 585 334 68 71 626 194 62 84 739 230 79 89 685 196 68 83 641 272 105 96 586 278 69 59
positive/1626243100.180109.jpg 6 587 409 80 75 566 319 66 81 644 270 91 103 738 233 75 91 684 193 66 80 612 195 74 75
positive/1626243101.0134006.jpg 6 420 350 102 98 588 274 66 75 638 268 102 122 744 234 70 84 675 197 76 77 608 193 80 83
positive/1626243101.8470917.jpg 6 437 368 73 94 586 275 70 73 640 267 114 97 742 232 73 86 679 192 70 84 614 196 75 82
positive/1626243104.164368.jpg 5 534 490 86 81 580 539 73 83 656 531 93 138 694 466 62 82 763 483 66 77
positive/1626243104.5323095.jpg 5 773 561 65 74 697 533 70 85 627 601 147 127 545 558 75 85 586 610 62 93
positive/1626243104.948574.jpg 5 781 644 73 106 700 621 79 85 625 697 143 121 540 647 81 76 592 708 55 87
positive/1626243108.8986828.jpg 5 849 655 81 66 1078 455 68 88 1209 425 78 73 1289 447 68 76 1192 493 106 121
positive/1626243109.1649861.jpg 5 1122 424 84 99 934 623 69 67 1267 397 65 73 1344 418 67 95 1233 460 116 125
positive/1626243109.3812726.jpg 5 1170 398 83 103 983 597 72 69 1308 381 68 67 1383 394 69 73 1260 443 128 136
positive/1626243109.7018063.jpg 3 1177 401 77 90 1309 386 72 61 1299 446 107 127
positive/1626243149.7359614.jpg 4 1193 127 67 79 1192 80 71 68 1343 20 64 83 1416 7 61 59
positive/1626243150.217566.jpg 4 1103 113 87 63 1191 130 69 81 1303 69 75 91 1358 25 78 81
positive/1626243151.649559.jpg 5 1193 127 59 63 1201 172 64 81 1335 51 73 80 1397 69 68 81 1401 1 68 73
positive/1626243154.7172103.jpg 5 1133 213 68 88 1217 203 67 82 1222 143 76 79 1355 113 76 76 1432 76 76 87
positive/1626243155.2847064.jpg 5 1380 110 61 90 1431 129 77 86 1464 63 79 77 1137 159 71 49 1175 208 84 72
positive/1626243156.067753.jpg 5 1165 238 73 66 1111 150 65 68 1352 88 56 83 1382 117 63 77 1371 167 79 80
positive/1626243156.9845657.jpg 4 1315 124 68 94 1375 118 64 67 1381 156 68 91 1115 157 70 75
positive/1626243167.5335963.jpg 0
positive/1626243186.5007143.jpg 3 1182 220 88 90 1244 245 85 94 1547 249 74 93
positive/1626243187.7904763.jpg 4 1170 214 88 90 1249 249 63 83 1311 290 73 101 1488 250 77 96
positive/1626243188.8364232.jpg 5 1179 217 80 94 1115 334 85 96 1248 248 68 83 1303 296 70 93 1478 305 91 107
positive/1626243190.2176642.jpg 7 1007 360 69 94 1010 297 75 101 1173 211 83 94 1251 251 62 71 1237 309 81 80 1337 277 154 134 1512 257 85 84
positive/1626243191.0178308.jpg 7 1172 219 83 79 1246 254 75 76 1344 277 87 84 1241 320 120 119 1124 352 90 97 991 366 88 93 927 311 81 72
positive/1626243192.0358155.jpg 6 1003 327 76 98 1286 369 86 69 1367 278 85 84 1491 277 82 87 1080 285 135 104 929 275 73 73
positive/1626243195.8053627.jpg 5 993 321 87 83 964 271 81 63 849 222 89 85 880 398 128 115 539 454 98 66
positive/1626243196.585486.jpg 6 537 447 83 78 672 428 68 88 882 404 140 113 1000 318 85 82 955 264 96 86 856 228 85 101
positive/1626243197.5029023.jpg 5 869 230 71 81 967 254 80 90 989 321 92 86 873 405 144 119 595 474 89 66
positive/1626243199.6187646.jpg 4 883 403 134 117 1011 323 78 77 958 262 77 86 861 225 85 84
positive/1626243231.5540602.jpg 6 925 284 72 84 978 327 73 90 1001 371 87 87 747 420 67 88 641 411 85 71 671 455 60 83
positive/1626243232.1205816.jpg 5 654 410 72 78 743 423 65 75 924 293 82 79 982 325 75 85 1021 363 72 87
positive/1626243234.2562535.jpg 6 990 432 67 74 988 378 76 84 1078 333 87 95 1150 251 92 90 1297 109 65 86 1407 82 69 84
positive/1626243234.8885193.jpg 6 970 382 81 76 990 424 65 93 1063 437 92 110 1148 269 72 97 1218 189 76 87 1317 151 74 85
positive/1626243238.4879744.jpg 6 822 513 70 67 843 571 68 104 872 535 70 92 1072 372 64 97 1100 423 63 84 1120 486 83 89
positive/1626243239.1205146.jpg 5 1071 373 64 80 1089 433 77 95 1132 486 77 76 827 514 75 68 831 581 90 90
positive/1626243244.2740993.jpg 5 1023 301 89 91 1081 280 83 91 1197 128 73 88 1268 132 77 76 1252 93 73 67
positive/1626243245.1036155.jpg 5 917 397 66 94 963 359 69 86 1085 212 80 86 1158 203 82 72 1129 161 85 71
positive/1626243246.2379644.jpg 5 993 218 71 85 1054 247 65 94 1108 263 69 96 970 440 69 84 915 402 62 75
positive/1626243247.3051314.jpg 5 913 396 68 108 967 437 67 88 986 211 77 100 1056 249 62 80 1108 264 73 78
positive/1626243248.0217624.jpg 5 999 217 58 91 1054 249 66 99 1108 267 66 89 969 438 69 99 920 400 62 88
positive/1626243248.8878627.jpg 5 914 405 66 74 965 441 78 79 1106 262 68 84 1056 251 66 79 989 226 74 86
positive/1626243253.1046674.jpg 2 797 274 74 80 551 423 89 94
positive/1626243253.9207478.jpg 2 541 426 96 80 787 274 79 94
